410
12 1
1 5 1 0
14 1
1 6 1 0
17 1
1 2 1 0
20 1
1 4 1 0
22 1
1 6 1 0
25 1
1 2 1 0
28 1
1 4 1 0
30 1
1 6 1 0
33 1
1 2 1 0
36 1
1 4 1 0
38 1
1 5 1 0
41 1
1 3 1 0
44 1
1 3 1 0
46 2
1 3 1 0
1 6 2 0
49 2
1 1 1 0
1 6 2 0
52 2
1 2 1 0
1 6 2 0
54 2
1 3 1 0
1 6 2 0
56 2
1 1 1 0
1 6 2 0
59 2
1 2 1 0
1 6 2 0
61 2
1 3 2 0
1 6 2 0
63 2
1 4 3 15
1 6 3 15
79 1
1 6 1 0
82 1
1 2 1 0
85 1
1 4 1 0
87 1
1 6 1 0
90 1
1 2 1 0
93 1
1 4 1 0
95 1
1 6 1 0
98 1
1 2 1 0
101 1
1 4 1 0
103 1
1 5 1 0
106 1
1 2 1 0
109 1
1 2 1 0
111 1
1 5 1 0
113 2
1 2 1 0
1 7 2 0
115 2
1 2 1 0
1 7 2 0
117 1
1 5 1 0
120 2
1 2 1 0
1 7 2 0
123 2
1 2 1 0
1 7 2 0
125 2
1 3 2 0
1 6 2 0
128 2
1 3 3 14
1 6 3 14
143 2
1 2 3 3
1 7 3 3
147 2
2 9 3 3
2 16 3 3
151 2
1 2 3 7
1 7 3 7
155 1
1 4 2 0 
159 1
1 4 2 0
163 1
1 2 1 0
165 1
1 2 1 0
167 1
1 5 1 0
169 1
1 5 1 0
170 1
1 6 1 0
171 1
1 6 2 0
172 1
1 6 2 0
173 1
1 6 2 0
174 1
1 6 2 0
175 2
2 9 3 3  
2 16 3 3
179 2
1 2 3 3
1 7 3 3
183 2
2 9 3 7
2 16 3 7
187 1
2 13 2 0
191 1
2 13 2 0
195 1
2 10 1 0
197 1
2 10 1 0
199 1
2 13 1 0
201 1
2 13 1 0
202 1
2 14 1 0
206 1
1 6 3 5
212 1
1 2 3 3
216 1
1 3 3 3
220 1
1 6 1 0
222 1
1 2 1 0
224 1
1 3 1 0
226 1
1 7 1 0
228 1
1 6 1 0
229 1
1 5 2 0
230 1
1 4 2 0
231 1
1 3 2 0
232 1
1 4 2 0
233 1
1 5 2 0
234 4
1 1 1 0
1 3 3 3
1 6 3 3
1 8 1 0
236 2
1 1 2 0
1 8 2 0
238 4
1 1 1 0
1 3 3 3
1 6 3 3
1 8 1 0
240 2
1 1 2 0
1 8 2 0
242 4
1 1 1 0
1 3 3 5
1 6 3 5
1 8 1 0
244 2
1 1 2 0
1 8 2 0
246 2
1 2 2 0
1 7 2 0
248 2
1 3 1 0
1 6 1 0
249 2
1 3 2 0
1 6 2 0
250 1
1 8 1 0
251 1
1 7 2 0
252 1
1 6 2 0
253 1
1 5 2 0
254 1
1 4 1 0
255 1
1 3 2 0
256 1
1 2 2 0
257 1
1 1 2 0
258 1
1 2 2 0
259 3
1 3 3 3
1 6 3 3
1 8 1 0
260 1
1 7 2 0
261 2
1 4 2 0
1 5 2 0
262 1
1 2 2 0
263 3
1 1 1 0
1 3 3 3
1 6 3 3
264 1
1 2 2 0
265 2
1 4 2 0
1 5 2 0
266 1
1 7 2 0
267 2
2 10 3 3
1 5 1 0
269 1
1 6 1 0
271 2
2 10 1 0
1 7 1 0
274 1
1 5 1 0
275 1
2 10 3 3
276 1
1 6 1 0
278 1
1 7 1 0
279 1
2 10 1 0
280 1
1 7 2 0
281 2
2 10 1 0
1 7 2 0
282 1
1 7 2 0
283 2
2 10 3 3
1 5 1 0
285 1
1 6 1 0
287 2
2 10 1 0
1 7 1 0
290 1
1 5 1 0
291 1
2 10 3 3
292 1
1 6 1 0
294 1
1 7 1 0
296 2
2 10 1 0
1 8 2 0
297 2
2 10 1 0
1 8 2 0
298 2
2 10 1 0
1 8 2 0
299 2
2 10 1 0
1 5 1 0
301 2
2 11 1 0
1 6 1 0
303 1
1 7 1 0
306 1
1 5 1 0
308 1
1 6 1 0
310 1
1 7 1 0
312 1
1 7 2 0
313 1
1 7 2 0
314 1
1 7 2 0
315 1
1 2 1 0
317 1
1 6 1 0
318 1
1 6 1 0
321 1
1 5 1 0
322 1
1 5 1 0
325 1
1 4 3 3
329 1
1 3 3 3
333 2
1 2 1 0
1 6 1 0
333 2
1 2 1 0
1 5 1 0
335 2
1 3 1 0
1 6 1 0
337 2
1 4 1 0
1 7 1 0
340 2
1 2 1 0
1 5 1 0
342 2
1 3 1 0
1 6 1 0
344 2
1 4 1 0
1 7 1 0
346 1
1 7 1 0
347 1
1 6 1 0
348 1
1 7 1 0
349 2
1 2 1 0
1 5 1 0
351 2
1 3 1 0
1 6 1 0
353 2
1 4 1 0
1 7 1 0
356 2
1 2 1 0
1 5 1 0
358 2
1 3 1 0
1 6 1 0
360 3
1 2 2 0
1 4 1 0
1 7 1 0
361 1
1 2 2 0
362 2
1 2 2 0
1 7 3 2
365 3
1 2 1 0
1 5 1 0
1 7 1 0
367 2
1 3 1 0
1 6 1 0
369 2
1 4 1 0
1 7 1 0
372 2
1 2 1 0
1 5 1 0
374 2
1 3 1 0
1 6 1 0
376 2
1 4 1 0
1 7 1 0
378 1
1 6 1 0
379 1
1 7 1 0
380 2
1 4 1 0
1 6 1 0
381 2
1 4 1 0
1 6 1 0
384 2
1 2 1 0
1 5 1 0
385 2
1 2 1 0
1 5 1 0
388 2
1 2 3 3
1 7 3 3
391 2
1 3 3 3
1 6 3 3
395 2
1 4 1 0
1 5 1 0
0