500
30 2
1 3 3 30
1 6 3 30
62 1
1 1 2 0
64 1
1 2 2 0
66 1
1 3 2 0
68 1
1 4 2 0
70 1
1 5 2 0
72 1
1 6 2 0
74 1
1 7 2 0
76 1
1 8 2 0
80 2
1 3 3 4
1 6 1 0
86 2
1 3 3 4
1 6 1 0
92 2
1 3 3 18
1 6 1 0
94 1
1 6 2 0
96 1
1 7 2 0
98 1
1 7 2 0
100 1
1 7 2 0
102 1
1 7 2 0
104 1
1 7 2 0
106 1
1 7 2 0
108 1
1 6 2 0
110 1
1 6 2 0
112 2
1 3 1 0
1 6 3 4
118 2
1 3 1 0
1 6 3 4
124 2
1 3 1 0
1 6 3 18
126 1
1 3 2 0
128 1
1 2 2 0
130 1
1 2 2 0
132 1
1 2 2 0
134 1
1 2 2 0
136 1
1 2 2 0
138 1
1 2 2 0
140 1
1 3 2 0
142 1
1 3 2 0
144 2
1 3 3 4
1 6 3 4
150 2
1 3 3 4
1 6 3 4
156 2
1 3 1 0
1 6 1 0
158 2
1 3 2 0
1 6 2 0
160 2
1 2 2 0
1 7 2 0
162 2
1 2 2 0
1 7 2 0
164 2
1 2 2 0
1 7 2 0
166 2
1 2 2 0
1 7 2 0
168 2
1 2 2 0
1 7 2 0
170 2
1 2 2 0
1 7 2 0
172 2
1 3 2 0
1 6 2 0
174 2
1 3 2 0
1 6 2 0
176 2
1 2 3 4
1 7 3 4
182 2
1 2 3 4
1 7 3 4
188 2
1 2 1 0
1 7 1 0
190 2
1 2 2 0
1 7 2 0
192 2
1 3 2 0
1 6 2 0
194 2
1 3 2 0
1 6 2 0
196 2
1 3 2 0
1 6 2 0
198 2
1 3 2 0
1 6 2 0
200 2
1 3 2 0
1 6 2 0
202 2
1 3 2 0
1 6 2 0
204 2
1 2 2 0
1 7 2 0
206 2
1 2 2 0
1 7 2 0
208 1
1 2 3 4
212 1
1 4 1 0
214 1
1 3 3 4
218 1
1 5 1 0
220 1
1 4 3 18
224 1
1 6 1 0
232 1
1 6 1 0
240 1
1 7 3 4
244 1
1 5 1 0
246 1
1 6 3 4
250 1
1 4 1 0
252 1
1 5 3 18
256 1
1 3 1 0
260 1
1 3 1 0
264 1
1 3 1 0
268 1
1 3 1 0
272 1
1 2 3 4
276 1
1 4 1 0
278 1
1 3 3 4
282 1
1 5 1 0
284 1
1 4 3 18
288 1
1 6 1 0
292 1
1 6 1 0
296 1
1 6 1 0
300 1
1 6 1 0
304 1
1 5 3 4
308 1
1 4 1 0
310 1
1 3 3 8
312 1
1 4 1 0
316 1
1 4 1 0
320 1
1 5 1 0
322 1
1 4 1 0
324 1
1 5 1 0
326 1
1 4 1 0
328 1
1 6 1 0
330 1
1 3 1 0
332 1
1 6 1 0
334 1
1 3 1 0
336 2
1 4 1 0
1 5 1 0
354 2
1 3 1 0
1 5 1 0
356 2
1 3 1 0
1 5 1 0
358 2
1 4 1 0
1 6 1 0
360 2
1 4 1 0
1 6 1 0
362 1
1 3 1 0
364 1
1 6 1 0
366 1
1 4 1 0
368 1
1 6 1 0
370 1
1 3 1 0
372 1
1 6 1 0
374 1
1 4 1 0
376 1
1 6 1 0
378 1
1 4 1 0
380 1
1 4 2 0
382 1
1 8 1 0
384 1
1 6 1 0
386 1
1 8 1 0
388 1
1 6 1 0
390 1
1 1 1 0
392 1
1 3 1 0
394 1
1 1 1 0
396 1
1 3 1 0
398 1
1 6 1 0
400 1
1 8 1 0
402 1
1 6 1 0
404 1
1 8 1 0
406 1
1 3 1 0
408 1
1 1 1 0
410 1
1 3 1 0
412 1
1 3 2 0
414 1
1 4 2 0
416 1
1 5 2 0
418 1
1 4 1 0
420 1
1 4 2 0
422 1
1 6 1 0
424 1
1 3 1 0
426 1
1 5 1 0
428 1
1 3 1 0
430 1
1 6 1 0
432 1
1 3 1 0
434 1
1 5 1 0
436 1
1 3 1 0
438 1
1 5 1 0
440 1
1 5 2 0
442 1
1 2 1 0
444 1
1 4 1 0
446 1
1 2 1 0
448 1
1 4 1 0
450 1
1 2 1 0
452 1
1 4 1 0
454 1
1 2 1 0
456 1
1 4 1 0
458 1
1 6 1 0
460 1
1 8 1 0
462 1
1 6 1 0
464 1
1 8 1 0
466 1
1 6 1 0
468 1
1 8 1 0
470 1
1 6 1 0
472 1
1 6 2 0
0
