150
12 2
1 2 1 0
1 7 1 0
14 1
1 6 1 0
16 1
1 4 1 0
17 1
1 5 1 0
18 1
1 4 1 0
19 1
1 5 1 0
20 1
1 4 1 0
22 1
1 5 1 0
24 2
1 3 1 0
1 6 1 0
26 2
1 2 1 0
1 5 1 0
27 2
1 2 2 0
1 6 2 0
28 1
1 3 1 0
30 1
1 6 1 0
32 2
1 3 3 3
1 6 1 0
33 1
1 6 2 0
34 1
1 6 2 0
35 1
1 6 2 0
36 1
1 3 1 0
38 1
1 6 1 0
40 2
1 2 1 0
1 6 3 3
41 1
1 3 2 0
42 1
1 4 2 0
43 1
1 5 2 0
44 2
1 2 1 0
1 7 1 0
46 1
1 3 1 0
48 1
1 5 1 0
49 1
1 4 1 0
50 1
1 5 1 0
51 1
1 4 1 0
52 1
1 5 1 0
54 1
1 4 1 0
56 2
1 2 1 0
1 6 1 0
58 2
1 3 1 0
1 7 1 0
59 2
1 2 2 0
1 7 2 0
60 1
1 2 1 0
62 1
1 6 1 0
64 2
1 2 1 0
1 6 3 3
65 1
1 2 2 0
66 1
1 2 2 0
67 1
1 2 2 0
68 2
1 3 1 0
1 6 1 0
70 2
1 2 1 0
1 5 1 0
72 2
1 3 1 0
1 6 1 0
76 2
2 10 1 0
2 15 1 0
78 1
2 14 1 0
80 1
2 12 1 0
81 1
2 13 1 0
82 1
2 12 1 0
83 1
2 13 1 0
84 1
2 12 1 0
86 1
2 13 1 0
88 2
2 11 1 0
2 14 1 0
90 2
2 10 1 0
2 13 1 0
91 2
2 10 2 0
2 14 2 0
92 1
2 11 1 0
94 1
2 14 1 0
96 2
2 11 3 3
2 14 1 0
97 1
2 14 2 0
98 1
2 14 2 0
99 1
2 14 2 0
100 1
2 11 1 0
102 1
2 14 1 0
104 2
2 10 1 0
2 14 3 3
105 1
2 11 2 0
106 1
2 12 2 0
107 1
2 13 2 0
108 2
2 10 1 0
2 15 1 0
110 1
2 11 1 0
112 1
2 13 1 0
113 1
2 12 1 0
114 1
2 13 1 0
115 1
2 12 1 0
116 1
2 13 1 0
118 1
2 12 1 0
120 2
2 10 1 0
2 14 1 0
122 2
2 11 1 0
2 15 1 0
123 2
2 10 2 0
2 15 2 0
124 1
2 10 1 0
126 1
2 14 1 0
128 2
2 10 1 0
2 14 3 3
129 1
2 10 2 0
130 1
2 10 2 0
131 1
2 10 2 0
132 2
2 11 1 0
2 14 1 0
134 2
2 10 1 0
2 13 1 0
136 2
2 11 1 0
2 14 1 0
0