640
10 2
1 1 2 0
1 2 1 0
12 1
1 7 1 0
14 2
1 1 2 0
1 7 1 0
16 1
1 6 1 0
17 1
1 5 1 0
18 2
1 1 2 0
1 6 1 0
20 1
1 6 1 0
21 1
1 7 1 0
22 2
1 1 2 0
1 5 1 0
24 2
1 1 2 0
1 3 1 0
26 2
1 2 1 0
1 8 2 0
28 1
1 7 1 0
30 2
1 7 1 0
1 8 2 0
32 1
1 6 1 0
33 1
1 5 1 0
34 2
1 6 1 0
1 8 2 0
36 1
1 6 1 0
37 1
1 7 1 0
38 2
1 5 1 0
1 8 2 0
40 2
1 3 1 0
1 8 2 0
42 2
1 1 2 0
1 2 1 0
44 1
1 7 1 0
46 2
1 1 2 0
1 7 1 0
48 1
1 6 1 0
49 1
1 5 1 0
50 2
1 1 2 0
1 6 1 0
52 1
1 6 1 0
53 1
1 7 1 0
54 2
1 1 2 0
1 5 1 0
56 2
1 1 2 0
1 3 1 0
58 2
1 2 1 0
1 8 2 0
62 2
1 2 1 0
1 8 2 0
64 1
1 7 1 0
66 2
1 1 2 0
1 5 1 0
68 1
1 4 1 0
70 3
1 1 2 0
1 3 3 3
1 6 3 3

74 2
1 1 2 0
2 15 1 0
76 1
2 11 1 0
78 2
1 1 2 0
2 11 1 0
80 1
2 11 1 0
81 1
2 12 1 0
82 2
1 1 2 0
2 11 1 0
84 1
2 11 1 0
85 1
2 10 1 0
86 2
1 1 2 0
2 12 1 0
88 2
1 1 2 0
2 14 1 0

90 2
1 8 2 0
2 10 1 0
92 1
2 14 1 0
94 2
1 8 2 0
2 14 1 0
96 1
2 14 1 0
97 1
2 13 1 0
98 2
1 8 2 0
2 14 1 0
100 2
1 8 2 0
2 14 1 0
101 1
2 15 1 0
102 2
1 8 2 0
2 13 1 0
104 2
1 8 2 0
2 11 1 0

106 2
1 1 2 0
2 15 1 0
108 1
2 11 1 0
110 2
1 1 2 0
2 11 1 0
112 1
2 11 1 0
113 1
2 12 1 0
114 2
1 1 2 0
2 11 1 0
116 2
1 1 2 0
2 11 1 0
117 1
2 10 1 0
118 2
1 1 2 0
2 12 1 0
120 2
1 1 2 0
2 14 1 0
122 3
1 1 1 0
2 11 3 15
2 14 3 15
124 1
1 2 2 0
126 1
1 3 2 0
128 1
1 4 2 0
130 1
1 5 2 0
132 1
1 6 2 0
134 1
1 7 2 0
136 1
1 8 2 0
138 2
1 2 1 0
1 5 1 0
140 1
1 5 1 0
142 1
1 4 1 0
144 1
1 5 1 0
146 2
1 2 1 0
1 4 1 0
148 1
1 5 1 0
150 1
1 6 1 0
152 1
1 3 1 0
154 2
1 2 3 2
1 7 1 0
156 1
1 6 2 0
158 2
1 2 1 0
1 7 3 2
160 1
1 3 2 0
162 2
1 2 3 2
1 7 1 0
164 1
1 6 2 0
166 2
1 2 1 0
1 7 3 2
168 1
1 3 2 0
170 2
2 10 1 0
2 13 1 0
172 1
2 13 1 0
174 1
2 12 1 0
176 1
2 13 1 0
178 2
2 10 1 0
2 12 1 0
180 1
2 13 1 0
182 1
2 14 1 0
184 1
2 11 1 0
186 2
2 10 3 2
2 15 1 0
188 1
2 14 2 0
190 2
2 10 1 0
2 15 3 2
192 1
2 11 2 0
194 2
2 10 3 2
2 15 1 0
196 1
2 14 2 0
198 2
2 10 1 0
2 15 3 2
200 1
2 11 2 0
202 2
1 2 3 4
1 7 3 4
208 1
1 6 2 0
209 1
1 5 2 0
210 1
1 4 1 0
212 1
1 3 1 0
214 1
1 2 1 0
216 1
1 1 1 0
218 2
1 3 1 0
1 6 1 0
220 1
1 6 1 0
222 1
1 3 1 0
224 1
1 5 1 0
226 2
1 4 1 0
1 7 1 0
228 1
1 3 1 0
230 1
1 2 1 0
232 1
1 6 1 0
234 2
1 3 3 3
1 6 3 3
240 2
1 3 1 0
1 6 1 0
242 1
1 5 1 0
244 1
1 7 1 0
246 1
1 5 1 0
248 1
1 2 1 0
250 2
1 3 3 1
1 6 3 1
253 2
1 3 3 1
1 6 3 1
256 2
1 3 1 0
1 6 1 0
258 3
1 3 1 0
1 6 1 0
1 8 2 0
260 3
1 2 1 0
1 5 1 0
1 8 2 0
262 3
1 1 2 0
1 3 1 0
1 6 1 0
264 3
1 1 2 0
1 2 1 0
1 5 1 0

266 2
1 3 3 1
1 6 3 1
269 2
1 3 3 1
1 6 3 1
272 2
1 3 1 0
1 6 1 0
274 4
1 2 2 0
1 4 1 0
1 6 1 0
1 7 2 0
276 4
1 1 2 0
1 3 1 0
1 5 1 0
1 8 2 0
278 4
1 1 2 0
1 4 3 3
1 6 3 3
1 8 2 0
280 2
1 1 2 0
1 8 2 0
281 2
1 1 2 0
1 8 2 0
282 1
1 7 3 2
286 1
1 2 1 0
288 1
1 4 1 0
290 1
1 6 3 2
294 1
1 5 1 0
296 1
1 4 1 0
298 1
1 2 2 0
302 1
1 2 2 0
306 1
1 2 2 0
314 4
2 9 3 6
1 3 1 0
1 5 1 0
1 7 1 0
316 1
1 7 2 0
318 2
1 3 1 0
1 5 1 0
320 2
1 4 1 0
1 6 1 0
322 3
1 5 1 0
1 7 1 0
2 16 3 6
324 1
1 7 2 0
326 2
1 5 1 0
1 7 1 0
328 2
1 4 1 0
1 6 1 0
330 3
2 9 3 6
1 2 1 0
1 4 1 0
331 1
1 4 2 0
332 1
1 3 2 0
333 1
1 2 2 0
334 3
1 2 1 0
1 4 3 1
1 6 1 0
336 2
1 4 1 0
1 6 1 0
338 4
2 16 3 6
1 3 2 0
1 5 2 0
1 7 1 0

340 1
1 5 1 0
342 1
1 4 1 0
344 3
2 9 3 4
1 3 3 2
1 6 1 0
346 1
1 6 2 0
348 2
1 3 1 0
1 6 2 0
350 2
1 4 1 0
1 6 2 0
352 4
1 3 3 2
1 5 1 0
1 7 1 0
2 16 3 4
356 3
1 4 3 2
1 6 1 0
1 7 1 0
360 3
2 9 3 3
1 3 1 0
1 6 1 0
362 1
1 5 2 0
364 3
1 2 1 0
1 6 1 0
2 16 3 3
366 1
1 5 2 0
368 4
2 9 3 6
1 2 1 0
1 6 1 0
2 16 3 6
370 1
1 2 2 0
372 1
1 2 2 0
374 1
1 2 2 0

376 2
2 10 3 4
2 11 1 0
378 1
2 12 2 0
380 1
2 13 2 0
382 2
2 10 1 0
2 14 1 0
384 4
2 10 3 2
2 12 1 0
2 14 3 2
2 16 1 0
385 2
2 12 2 0
2 16 2 0
386 2
2 12 2 0
2 16 2 0
387 2
2 12 2 0
2 16 2 0
388 1
2 14 1 0
390 1
2 13 1 0
392 2
1 4 3 5
1 6 1 0
394 1
1 6 1 0
396 1
1 6 1 0
398 3
1 2 1 0
1 5 1 0
1 7 1 0
399 1
1 3 2 0
400 2
1 4 1 0
1 6 3 2
401 1
1 4 2 0
402 1
1 4 2 0
403 1
1 4 2 0
404 1
1 4 1 0
406 1
1 3 1 0
408 2
1 2 1 0
1 5 1 0
409 1
1 4 2 0
410 1
1 3 2 0
411 1
1 2 2 0
412 2
1 2 1 0
1 5 1 0
413 1
1 4 2 0
414 2
1 3 1 0
1 6 1 0
415 1
1 5 2 0
416 2
1 4 1 0
1 7 1 0
417 2
1 4 2 0
1 7 2 0
418 2
1 4 2 0
1 7 2 0
419 2
1 5 2 0
1 7 2 0
420 3
1 5 1 0
1 7 1 0
1 8 3 3
422 1
1 6 2 0
424 3
1 3 1 0
1 5 3 2
1 7 3 2
426 1
1 3 2 0
428 3
1 2 3 2
1 4 3 2
1 7 1 0
430 1
1 7 2 0
432 3
1 2 3 7
1 4 3 7
1 7 1 0
434 1
1 7 2 0
436 1
1 6 2 0
438 1
1 7 2 0

440 3
1 2 1 0
1 6 1 0
2 9 3 6
442 1
1 4 2 0
444 2
1 2 1 0
1 6 1 0
446 1
1 3 1 0
448 2
1 4 1 0
2 16 3 6
450 1
1 4 2 0
452 2
1 2 1 0
1 5 1 0
454 1
1 4 1 0
456 2
1 3 1 0
2 9 3 6
458 1
1 3 2 0
460 2
1 3 1 0
1 6 1 0
462 1
1 5 1 0
464 2
1 7 1 0
2 16 3 6
466 1
1 7 2 0
468 2
1 3 1 0
1 6 1 0
470 1
1 5 1 0
472 2
1 4 1 0
2 9 3 6
474 1
1 4 2 0
476 2
1 3 1 0
1 6 1 0
478 1
1 4 1 0
480 2
1 5 1 0
2 16 3 6
482 1
1 5 2 0
484 2
1 3 1 0
1 6 1 0
486 1
1 6 2 0
488 3
1 3 1 0
1 5 1 0
2 9 3 2
490 1
1 4 2 0
492 3
1 3 1 0
1 6 1 0
2 16 3 2
494 1
1 3 2 0
496 4
1 3 1 0
1 6 1 0
2 9 3 6
2 16 3 6
498 1
1 3 2 0
500 1
1 3 2 0
502 1
1 3 2 0
504 2
1 3 2 0
1 6 2 0
506 1
1 2 3 5
512 1
2 12 3 5
514 1
1 7 3 3
518 2
1 5 1 0
1 7 2 0
520 2
1 4 1 0
1 7 2 0
522 3
1 3 1 0
1 5 1 0
1 7 3 5
524 1
1 3 2 0
526 1
1 3 2 0
528 2
1 2 1 0
1 4 1 0
530 3
1 1 3 3
1 3 1 0
1 5 1 0
531 1
1 3 2 0
532 2
1 4 2 0
1 5 1 0
533 1
1 5 2 0
534 2
1 3 1 0
1 5 1 0
536 2
1 2 1 0
1 4 1 0
537 1
1 2 2 0
538 3
1 1 1 0
1 3 1 0
1 7 3 4
539 1
1 3 2 0
540 2
1 1 1 0
1 2 2 0
541 1
1 1 2 0
542 2
1 1 1 0
1 3 1 0
544 2
1 2 1 0
1 4 1 0
546 3
1 2 3 4
1 3 1 0
1 5 1 0
547 1
1 4 2 0
548 2
1 4 2 0
1 5 1 0
549 1
1 4 2 0
550 2
1 4 1 0
1 6 1 0
552 1
1 5 1 0
554 3
1 2 1 0
1 4 1 0
1 6 1 0
558 3
1 2 1 0
1 4 1 0
1 6 1 0
562 3
1 2 1 0
1 4 1 0
1 6 1 0
567 2
1 3 3 4
2 9 2 0
569 1
2 9 2 0
571 1
2 9 2 0
573 2
1 4 3 1
2 10 2 0
575 2
1 5 3 2
2 16 2 0
577 1
2 16 2 0
579 2
1 5 1 0
2 16 2 0
581 2
1 4 1 0
2 15 2 0
583 2
1 3 3 4
2 9 2 0
584 1
2 10 2 0
585 1
2 11 2 0
586 1
2 13 2 0
587 1
2 15 2 0
588 1
2 16 2 0
589 1
1 3 1 0
591 3
1 5 3 2
2 9 3 2
2 16 3 2
595 2
1 3 1 0
1 5 1 0
597 2
1 2 1 0
1 4 1 0
599 3
1 1 2 0
1 3 3 2
1 8 2 0
601 2
1 2 2 0
1 7 2 0
603 2
1 3 1 0
1 6 1 0
605 2
1 4 1 0
1 7 1 0
607 3
1 2 3 3
1 3 1 0
1 5 3 3
609 1
1 3 2 0
611 4
1 2 1 0
1 4 3 3
1 5 3 3
1 7 1 0
613 2
1 2 2 0
1 7 2 0
615 4
1 2 3 3
1 3 2 0
1 6 2 0
1 7 3 3
619 4
1 2 3 3
1 3 2 0
1 6 2 0
1 7 3 3
623 4
1 2 1 0
1 4 1 0
1 5 1 0
1 7 1 0
0