12700
2600
110
11 2
1 3 1 0
1 6 1 0
13 2
1 4 1 0
1 7 1 0
16 2
1 2 1 0
1 5 1 0
18 2
1 3 1 0
1 6 1 0
19 2
1 2 3 7
1 7 3 7
26 2
1 2 4 0
1 7 4 0
27 1
1 2 1 0
28 1
1 7 1 0
29 1
1 2 1 0
30 1
1 7 1 0
31 1
1 2 1 0
32 1
1 7 1 0
33 1
1 2 1 0
34 1
1 7 1 0
39 2
1 2 1 0
1 7 1 0
41 1
1 6 1 0
43 1
1 3 1 0
44 1
1 4 2 0
45 2
1 2 1 0
1 6 2 0
47 2
1 3 1 0
1 8 1 0
50 1
1 7 1 0
53 1
1 4 1 0
55 2
1 2 1 0
1 7 1 0
57 1
1 3 1 0
58 1
1 6 1 0
59 1
1 5 1 0
60 1
1 4 2 0
61 2
1 3 2 0
1 7 1 0
63 2
1 1 1 0
1 6 1 0
66 1
1 3 1 0
69 1
1 2 1 0
70 1
1 4 1 0
71 2
1 2 1 0
1 7 1 0
73 1
1 3 1 0
75 1
1 6 1 0
76 1
1 5 2 0
77 1
1 4 2 0
79 2
1 2 1 0
1 4 1 0
82 2
1 3 1 0
1 5 1 0
85 2
1 2 1 0
1 4 1 0
89 2
1 3 1 0
1 6 3 2
91 1
1 3 1 0
92 1
1 4 1 0
93 2
1 3 1 0
1 6 1 0
95 2
1 5 3 3
1 6 1 0
99 2
1 3 1 0
1 4 3 3
0