10700
4300
800
16 2
1 2 1 0
1 7 1 0
17 1
1 2 1 0
18 1
1 2 1 0
19 2
1 4 1 0
1 6 1 0
22 2
1 2 1 0
1 7 1 0
23 1
1 2 1 0
24 1
1 2 1 0
25 2
1 5 1 0
1 7 1 0
28 2
1 3 1 0
1 6 1 0
30 2
1 4 1 0
1 7 1 0
32 2
1 2 1 0
1 7 1 0
33 1
1 7 1 0
34 1
1 7 1 0
35 2
1 3 1 0
1 5 1 0
38 2
1 2 1 0
1 7 1 0
39 1
1 7 1 0
40 1
1 7 1 0
41 2
1 2 1 0
1 4 1 0
44 2
1 2 1 0
1 5 1 0
46 2
1 3 1 0
1 6 1 0
48 2
1 2 1 0
1 7 1 0
49 1
1 2 1 0
50 1
1 2 1 0
51 2
1 4 1 0
1 6 1 0
54 2
1 2 1 0
1 7 1 0
55 1
1 2 1 0
56 1
1 2 1 0
57 2
1 5 1 0
1 7 1 0
60 2
1 3 1 0
1 6 1 0
62 2
1 4 1 0
1 7 1 0
64 2
1 2 1 0
1 7 1 0
65 1
1 7 1 0
66 1
1 7 1 0
67 2
1 3 1 0
1 5 1 0
70 2
1 2 1 0
1 7 1 0
71 1
1 7 1 0
72 1
1 7 1 0
73 2
1 2 1 0
1 4 1 0
76 2
1 2 1 0
1 4 2 0
77 2
1 3 1 0
1 5 2 0
78 2
1 5 1 0
1 7 2 0
79 2
1 7 1 0
1 8 2 0
80 3
1 2 1 0
1 4 1 0
1 6 1 0
81 1
1 4 2 0
82 2
1 2 1 0
1 4 2 0
83 1
1 6 1 0
84 1
1 2 1 0
86 3
1 2 1 0
1 4 1 0
1 6 1 0
87 1
1 4 2 0
88 2
1 2 1 0
1 4 2 0
89 1
1 7 1 0
90 1
1 2 1 0
92 3
1 2 1 0
1 4 1 0
1 6 1 0
94 3
1 2 1 0
1 5 1 0
1 7 1 0
96 3
1 3 1 0
1 5 1 0
1 7 1 0
97 1
1 5 2 0
98 2
1 5 2 0
1 7 1 0
99 1
1 3 1 0
100 1
1 7 1 0
102 2
1 5 1 0
1 7 1 0
103 1
1 5 2 0
104 2
1 5 2 0
1 7 1 0
105 1
1 2 1 0
106 1
1 7 1 0
108 3
1 2 1 0
1 4 1 0
1 7 1 0
110 3
1 3 1 0
1 5 1 0
1 7 1 0
112 2
1 1 1 0
2 16 3 4
113 1
1 1 2 0
114 1
1 1 2 0
115 1
1 2 1 0
118 2
1 1 1 0
2 16 1 0
119 1
1 1 2 0
120 2
1 1 2 0
2 16 1 0
121 1
1 3 1 0
124 2
1 4 1 0
2 16 1 0
126 1
1 5 1 0
128 1
1 8 2 0
129 1
1 7 2 0
130 1
1 6 2 0
131 1
1 5 2 0
132 1
1 4 2 0
133 1
1 3 2 0
134 1
1 2 2 0
135 1
1 1 2 0
136 1
1 2 2 0
137 1
1 3 2 0
138 1
1 4 2 0
139 1
1 3 2 0
140 1
1 4 1 0
142 1
1 5 1 0
144 3
1 2 3 4
1 4 1 0
1 6 1 0
146 1
1 6 2 0
148 1
1 6 2 0
150 2
1 4 1 0
1 7 1 0
152 3
1 3 1 0
1 5 1 0
1 7 3 2
154 1
1 5 2 0
156 3
1 2 1 0
1 5 1 0
1 7 3 2
158 1
1 2 2 0
160 2
1 2 3 5
1 5 3 5
162 1
1 6 2 0
163 1
1 7 2 0
164 1
1 8 2 0
166 2
1 5 1 0
1 8 1 0
168 3
1 1 3 2
1 3 1 0
1 6 1 0
170 1
1 6 2 0
172 3
1 1 3 2
1 3 1 0
1 5 1 0
174 1
1 3 2 0
176 1
1 2 1 0
178 1
1 3 1 0
180 1
1 4 1 0
182 1
1 7 1 0
184 1
1 6 3 3
188 1
1 5 3 3
192 2
1 2 3 15
1 4 3 11
204 2
1 4 2 0
1 6 2 0
206 2
1 5 2 0
1 7 2 0
208 2
1 4 3 4
1 7 3 4
214 1
1 8 1 0
216 1
1 6 1 0
218 1
1 7 1 0
220 1
1 8 1 0
222 1
1 6 1 0
224 1
1 6 3 2
228 1
1 3 3 2
232 2
1 4 3 4
1 7 3 4
236 1
1 1 1 0
238 1
1 3 1 0
240 2
1 5 1 0
1 7 1 0
242 2
1 4 1 0
1 6 1 0
244 2
1 3 1 0
1 5 1 0
246 2
1 2 1 0
1 4 1 0
248 2
1 4 1 0
1 6 1 0
250 2
1 3 1 0
1 5 1 0
252 2
1 2 1 0
1 4 1 0
254 2
1 1 1 0
1 3 1 0
256 1
1 1 3 15
258 1
1 3 3 13
260 1
1 6 3 11
262 1
1 7 3 9
264 1
1 8 3 7
268 1
1 4 1 0
270 1
1 5 1 0
272 3
1 1 1 0
1 4 3 4
1 7 3 4
274 1
1 2 2 0
276 1
1 3 2 0
278 2
1 4 1 0
1 8 1 0
280 3
2 9 1 0
1 3 3 2
1 7 3 2
282 1
2 9 2 0
284 3
2 9 2 0
1 3 3 2
1 6 3 2
286 1
2 9 2 0
288 3
1 2 3 4
1 5 3 4
1 8 1 0
290 1
1 7 2 0
292 1
1 6 2 0
294 2
1 4 1 0
2 16 1 0
296 3
1 2 3 2
1 6 3 2
2 16 2 0
298 1
2 16 2 0
300 3
1 2 3 2
1 5 3 2
2 16 2 0
302 1
2 16 2 0
304 2
1 1 3 4
1 2 1 0
306 1
1 3 1 0
308 1
1 5 1 0
310 2
1 1 1 0
1 7 1 0
312 3
1 3 1 0
1 6 1 0
1 8 3 2
316 3
1 2 1 0
1 5 1 0
1 8 3 2
318 1
1 4 2 0
319 1
1 3 2 0
320 1
1 2 3 15
326 1
1 6 3 9
328 1
1 7 3 7
332 2
1 1 3 3
1 4 1 0
334 2
1 5 1 0
1 8 3 1
336 2
1 6 3 5
2 11 3 5
342 2
1 8 3 1
2 9 3 1
344 2
1 5 3 1
2 12 3 1
346 2
1 6 3 1
2 11 3 1
348 2
1 7 3 1
2 10 3 1
350 2
1 5 3 1
2 12 3 1
352 2
1 8 3 1
2 9 3 1
354 2
1 7 3 1
2 10 3 1
356 2
1 6 3 1
2 11 3 1
358 2
1 5 3 1
2 12 3 1
360 2
1 6 3 3
2 11 3 3
364 2
1 2 3 1
2 15 3 1
366 2
1 3 3 1
2 14 3 1
368 2
1 4 3 1
2 13 3 1
370 2
1 3 3 1
2 14 3 1
372 2
1 2 3 1
2 15 3 1
374 2
1 1 3 1
2 16 3 1
376 2
1 4 3 1
2 13 3 1
378 2
1 3 3 1
2 14 3 1
380 2
1 2 3 1
2 15 3 1
382 2
1 1 3 1
2 16 3 1
384 3
1 8 1 0
1 2 3 15
2 15 3 15
386 1
1 6 1 0
387 1
1 5 1 0
388 1
1 4 1 0
390 1
1 3 1 0
392 1
1 1 1 0
394 1
1 3 1 0
396 1
1 6 1 0
398 1
1 5 1 0
400 2
1 5 1 0
1 8 3 4
402 1
1 4 1 0
404 1
1 4 1 0
406 2
1 3 1 0
1 8 1 0
408 2
1 2 1 0
1 8 1 0
412 1
1 7 2 0
414 1
1 6 2 0
416 2
1 1 3 4
1 6 1 0
418 1
1 5 1 0
420 1
1 5 1 0
422 2
1 1 1 0
1 4 1 0
424 2
1 1 1 0
1 3 1 0
428 1
1 7 1 0
430 1
1 6 1 0
432 3
1 3 2 0
1 5 1 0
2 16 3 4
434 2
1 2 2 0
1 4 1 0
436 2
1 1 2 0
1 3 1 0
438 3
1 4 2 0
1 6 1 0
2 16 1 0
440 3
1 5 1 0
1 7 2 0
2 9 3 2
442 2
1 4 1 0
1 6 2 0
444 3
1 3 1 0
1 5 2 0
2 9 1 0
446 2
1 2 1 0
1 4 2 0
448 4
1 4 2 0
1 5 1 0
2 14 3 2
2 16 3 2
450 1
1 1 1 0
452 4
1 2 1 0
1 3 2 0
2 13 3 2
2 15 3 2
454 1
1 3 1 0
456 4
1 2 2 0
1 5 1 0
2 12 3 2
2 14 3 2
458 1
1 1 1 0
460 2
1 3 1 0
1 7 1 0
462 2
1 2 1 0
1 6 1 0
464 3
1 3 2 0
1 7 1 0
2 9 1 0
466 2
1 3 2 0
1 6 1 0
467 2
1 3 2 0
2 9 1 0
468 2
1 3 2 0
1 6 1 0
470 3
1 3 2 0
1 5 1 0
2 9 1 0
472 2
1 3 2 0
1 4 1 0
473 1
2 9 1 0
474 2
1 3 2 0
1 4 1 0
476 2
1 3 2 0
2 9 1 0
478 2
1 6 1 0
2 9 1 0
480 2
1 5 1 0
2 16 1 0
482 2
1 4 1 0
1 6 2 0
483 1
2 16 1 0
484 2
1 3 1 0
1 6 2 0
485 1
1 6 2 0
486 3
1 3 1 0
1 6 2 0
2 16 1 0
488 2
1 2 1 0
1 6 2 0
489 1
2 16 1 0
490 2
1 1 1 0
1 6 2 0
492 3
1 1 2 0
1 6 1 0
2 16 1 0
494 2
1 5 1 0
2 16 1 0
496 3
1 1 1 0
1 7 1 0
2 9 1 0
497 1
1 6 1 0
498 1
1 5 1 0
499 2
1 4 1 0
2 9 1 0
500 1
1 7 1 0
501 1
1 6 1 0
502 2
1 5 1 0
2 9 1 0
503 1
1 4 1 0
504 2
1 1 2 0
2 16 1 0
505 1
1 2 2 0
506 1
1 3 2 0
507 2
1 4 2 0
2 16 1 0
508 1
1 5 2 0
509 1
1 6 2 0
510 2
1 7 2 0
2 16 1 0
511 1
1 8 2 0
512 4
1 3 3 1
1 6 3 1
2 9 1 0
2 16 1 0
515 4
1 3 3 1
1 6 3 1
2 9 1 0
2 16 1 0
518 4
1 3 3 1
1 6 3 1
2 9 1 0
2 16 1 0
520 4
1 2 3 3
1 7 3 3
2 9 1 0
2 16 1 0
524 1
1 3 1 0
526 1
1 5 1 0
528 4
1 1 1 0
1 3 1 0
1 5 3 5
1 7 3 5
530 2
1 1 1 0
1 3 1 0
532 2
1 1 1 0
1 3 1 0
534 3
1 1 1 0
1 3 1 0
1 6 1 0
535 1
1 5 1 0
536 4
1 2 3 3
1 4 3 3
1 6 1 0
1 8 1 0
538 2
1 6 1 0
1 8 1 0
540 4
1 1 3 3
1 3 3 3
1 6 1 0
1 8 1 0
542 2
1 6 1 0
1 8 1 0
544 4
1 5 3 5
1 7 3 5
2 9 1 0
2 11 1 0
546 2
2 9 1 0
2 11 1 0
548 2
2 9 1 0
2 11 1 0
550 3
1 6 1 0
2 9 1 0
2 11 1 0
551 1
1 5 1 0
552 4
1 2 3 3
1 4 3 3
2 14 1 0
2 16 1 0
554 2
2 14 1 0
2 16 1 0
556 4
1 1 3 3
1 3 3 3
2 14 1 0
2 16 1 0
558 2
2 14 1 0
2 16 1 0
560 1
1 2 3 3
562 1
1 4 3 3
564 1
1 6 3 3
566 1
1 8 3 1
568 2
1 4 3 3
1 7 3 3
572 2
1 2 3 3
1 6 3 3
576 2
1 2 3 14
1 5 3 14
588 2
1 3 1 0
1 7 1 0
590 2
1 4 1 0
1 7 1 0
592 4
1 1 1 0
1 3 1 0
1 6 3 5
1 8 3 5
594 2
1 1 1 0
1 3 1 0
596 2
1 1 1 0
1 3 1 0
598 3
1 1 1 0
1 3 1 0
1 7 1 0
599 1
1 6 1 0
600 4
1 2 1 0
1 4 1 0
1 6 3 3
1 7 3 3
602 2
1 2 1 0
1 4 1 0
604 4
1 2 1 0
1 4 1 0
1 6 3 3
1 8 3 3
606 2
1 2 1 0
1 4 1 0
608 3
1 3 3 2
1 5 3 2
1 7 3 2
612 3
1 2 3 2
1 4 3 2
1 6 3 2
616 3
1 1 1 0
1 3 1 0
1 8 1 0
618 3
1 1 1 0
1 3 1 0
1 7 1 0
620 3
1 1 1 0
1 3 1 0
1 6 1 0
622 3
1 1 1 0
1 3 1 0
1 5 1 0
624 4
1 1 1 0
1 3 3 14
1 5 3 14
1 8 1 0
626 2
1 1 1 0
1 8 1 0
628 2
1 1 1 0
1 8 1 0
630 4
1 1 1 0
1 2 2 0
1 7 2 0
1 8 1 0
632 4
1 1 1 0
1 2 2 0
1 7 2 0
1 8 1 0
634 3
1 1 1 0
1 6 1 0
1 8 1 0
636 3
1 1 1 0
1 7 1 0
1 8 1 0
638 3
1 1 1 0
1 6 1 0
1 8 1 0
640 2
2 10 3 1
2 12 3 1
643 2
2 11 3 1
2 13 3 1
646 2
2 12 3 10
2 14 3 10
650 1
1 2 1 0
652 1
1 3 1 0
654 1
1 5 1 0
656 3
1 1 1 0
1 4 3 5
1 8 2 0
657 1
1 7 2 0
658 2
1 1 1 0
1 6 2 0
659 1
1 5 2 0
660 1
1 1 1 0
662 2
1 1 1 0
1 6 1 0
663 1
1 5 1 0
664 3
1 4 2 0
1 6 3 3
1 8 1 0
665 1
1 3 2 0
666 2
1 2 2 0
1 8 1 0
667 1
1 1 2 0
668 2
1 5 3 3
1 8 1 0
670 1
1 8 1 0
672 3
2 9 1 0
2 11 3 5
2 16 2 0
673 1
2 15 2 0
674 2
2 9 1 0
2 14 2 0
675 1
2 13 2 0
676 1
2 9 1 0
678 2
2 9 1 0
2 14 1 0
679 1
2 13 1 0
680 3
2 9 2 0
2 14 3 3
2 16 1 0
681 1
2 10 2 0
682 2
2 11 2 0
2 16 1 0
683 1
2 12 2 0
684 2
2 13 3 3
2 16 1 0
686 1
2 16 1 0
688 2
1 2 1 0
1 5 1 0
690 2
1 3 1 0
1 6 1 0
692 2
1 4 1 0
1 7 1 0
694 2
1 5 1 0
1 8 1 0
696 2
1 3 1 0
1 5 1 0
698 2
1 4 1 0
1 6 1 0
700 2
1 2 1 0
1 6 1 0
702 3
1 1 2 0
1 3 3 17
1 7 3 17
703 1
1 2 2 0
704 1
1 4 2 0
705 1
1 5 2 0
706 1
1 6 2 0
707 1
1 8 2 0
708 1
1 6 2 0
709 1
1 5 2 0
710 1
1 4 2 0
711 1
1 2 2 0
712 1
1 1 2 0
713 1
1 2 2 0
714 2
1 4 1 0
1 6 1 0
716 2
1 6 1 0
1 8 1 0
718 2
1 4 1 0
1 6 1 0
720 3
1 2 3 4
1 4 3 4
1 6 3 4
726 3
1 2 1 0
1 3 1 0
1 5 1 0
728 3
1 4 1 0
1 6 1 0
1 8 1 0
730 3
1 3 1 0
1 5 1 0
1 7 1 0
732 3
1 2 1 0
1 4 1 0
1 6 1 0
734 3
1 2 1 0
1 4 1 0
1 5 1 0
736 5
1 2 2 0
1 4 1 0
1 5 1 0
2 9 3 1
2 16 3 1
737 1
1 3 2 0
738 1
1 4 2 0
739 5
1 3 1 0
1 5 2 0
1 6 1 0
2 9 3 1
2 16 3 1
740 1
1 4 2 0
741 1
1 5 2 0
742 5
1 2 1 0
1 6 2 0
1 7 1 0
2 9 3 1
2 16 3 1
743 1
1 7 2 0
744 4
1 1 1 0
1 3 1 0
1 6 1 0
1 8 1 0
745 4
1 1 2 0
1 3 2 0
1 6 2 0
1 8 2 0
746 4
1 1 2 0
1 3 2 0
1 6 2 0
1 8 2 0
747 4
1 1 2 0
1 3 2 0
1 6 2 0
1 8 2 0
748 6
1 1 2 0
1 2 1 0
1 3 2 0
1 4 1 0
1 6 2 0
1 8 2 0
749 4
1 1 2 0
1 3 2 0
1 6 2 0
1 8 2 0
750 6
1 1 2 0
1 3 2 0
1 5 1 0
1 6 2 0
1 7 1 0
1 8 2 0
751 4
1 1 2 0
1 3 2 0
1 6 2 0
1 8 2 0
752 3
1 7 3 3
1 3 1 0
1 5 1 0
756 3
1 2 3 3
1 3 1 0
1 5 1 0
760 4
1 3 3 5
1 4 3 5
1 5 1 0
1 7 1 0
766 3
1 3 1 0
1 5 1 0
1 8 3 2
768 3
1 3 1 0
1 5 1 0
1 7 3 3
772 3
1 2 1 0
1 4 1 0
1 6 3 3
775 2
1 1 1 0
1 3 1 0
776 1
1 5 3 3
780 3
1 2 3 3
1 6 1 0
1 8 1 0
784 4
1 1 3 15
1 3 3 15
1 6 3 15
1 8 3 15
0